substance,any,primary,trace
"fentanyl",7153,6082,1071
"4-ANPP",6341,4825,1516
"methamphetamine",3522,3009,513
"acetaminophen",2560,2093,467
"xylazine",2503,1626,877
"cocaine",2476,1720,756
"lidocaine",2231,1485,746
"heroin",1991,1513,478
"phenethyl 4-ANPP",1814,431,1383
"caffeine",1611,1085,526
"bis(2,2,6,6-tetramethyl-4-piperidyl) sebacate",1561,947,614
"ethyl 4-ANPP",1192,330,862
"p-fluorofentanyl",1075,530,545
"diphenhydramine",1010,748,262
"acetylcodeine",975,335,640
"6-monoacetylmorphine (6-MAM)",911,331,580
"dimethyl sulfone (methylsulfonylmethane MSM)",726,476,250
"quinine",709,260,449
"procaine",662,483,179
"despropionyl p-fluorofentanyl",603,454,149
"N-phenylpropanamide",562,181,381
"ketamine",536,438,98
"medetomidine",500,230,270
"bromazolam",455,333,122
"methyl ecgonidine (MED)",418,50,368
"3,4-MDMA",391,368,23
"no compounds of interest detected",370,370,0
"1-phenethyl-4-propionyloxypiperidine",342,77,265
"tramadol",316,135,181
"tetracaine",230,144,86
"p-fluoro phenethyl 4-ANPP",227,53,174
"noramidopyrine",199,107,92
"papaverine",174,22,152
"phenacetin",170,90,80
"delta-9-THC",156,113,43
"1,3-Diacetin",151,126,25
"erythritol",148,86,62
"tropacocaine",145,8,137
"2,2,6,6-tetramethyl-4-piperidinol",128,21,107
"N-propionyl norfentanyl",120,22,98
"N-phenethyl-N-phenylpropionamide",112,55,57
"1-phenethyl-4-hydroxypiperidine",112,16,96
"carfentanil",106,30,76
"2-Fluoro-2-oxo PCE",104,61,43
"amphetamine",98,52,46
"meconin",96,14,82
"phenethylbromide",94,8,86
"N,N-dimethylpentylone",93,73,20
"acetyl fentanyl",92,24,68
"NPP",91,27,64
"mannitol",89,53,36
"benzocaine",86,44,42
"N,N-Dimethylamphetamine (DMA)",85,32,53
"alprazolam",85,79,6
"non-specific sugar",85,83,2
"benzoylecgonine (BZ)",84,20,64
"gabapentin",81,45,36
"N-butyl-aniline",81,30,51
"diacetamate",79,47,32
"levamisole",79,33,46
"despropionyl ortho-methylfentanyl",78,48,30
"MDA",74,66,8
"benzyl alcohol",74,40,34
"ortho-methylfentanyl",73,15,58
"acetanilide",69,21,48
"morphine",69,27,42
"4-Anilino-1-Boc-piperidine",64,31,33
"norcocaine",64,4,60
"noscapine",64,24,40
"niacinamide",59,23,36
"dextromethorphan",58,36,22
"phenethyl chloride",58,1,57
"2C-B",57,53,4
"cannabinol",57,29,28
"metonitazene",56,19,37
"4-anilinopiperidine",54,12,42
"aniline",54,17,37
"N,N-dimethyltryptamine (DMT)",53,48,5
"nicotine",50,27,23
"protonitazene",45,17,28
"1-propionyl-4-anilinopiperidine",44,7,37
"norfentanyl",43,7,36
"inositol",42,10,32
"1-[(2-chlorophenyl)(methylimino)methyl]cyclopentanol",42,5,37
"hydrocotarnine",41,9,32
"glycerin",41,30,11
"MDMB-4en-PINACA",41,38,3
"oxycodone",40,33,7
"ecgonine methylester (EME)",40,3,37
"tiletamine",40,10,30
"clonazolam",39,32,7
"clonazepam",37,35,2
"melatonin",37,14,23
"benzyl benzoate",36,35,1
"phenazolam",36,36,0
"lysergic acid diethylamide (LSD)",35,31,4
"tetramethyl-4-AP",32,25,7
"promethazine",28,21,7
"ibuprofen",26,10,16
"menthol",26,17,9
"non-specific organic acid",25,25,0
"etizolam",25,20,5
"non-specific phthalate",23,22,1
"urea",23,17,6
"MDMB-INACA",23,19,4
"1-phenyl-1-propanamine",23,19,4
"tetramethylnorfentanyl",22,17,5
"codeine",21,5,16
"denatonium",20,10,10
"estradiol enantate",20,19,1
"N-Pyrrolidino-Protonitazene",20,8,12
"aspirin",19,16,3
"buprenorphine",19,17,2
"2-methylmethcathinone",18,18,0
"cannabidiol",18,13,5
"ethyl vanillin",17,16,1
"4-Methylmethcathinone",17,17,0
"salicylic acid",17,13,4
"vanillin",16,13,3
"2-methyl-1,2,3,4-tetrahydro-b-carboline",16,6,10
"testosterone cypionate",15,15,0
"benzoic acid",15,5,10
"flualprazolam",14,9,5
"delta-8-THC",14,8,6
"3-monoacetylmorphine (3-MAM)",14,7,7
"ethyl 4-anilinopiperidine-1-carboxylate",14,6,8
"3,4-Methylenedioxy-Î±-Cyclohexylaminopropiophenone",14,12,2
"N-phenyl-acetamide",13,3,10
"1,4-Butanediol",13,12,1
"pending nitazene",13,6,7
"tianeptine",12,3,9
"phenibut",12,3,9
"guaifenesin",12,7,5
"AB-MDMSBA",12,7,5
"3,4-Methylenedioxy-Î±-Isopropylaminobutiophenone",12,9,3
"valeryl fentanyl",11,2,9
"testosterone enanthate",11,11,0
"ergosterol",11,11,0
"eutylone",11,6,5
"bupivacaine",11,11,0
"alpha-pyrrolidinoisoheptanophenone",11,11,0
"hydrocodone",11,7,4
"pregabalin",10,7,3
"mescaline",10,10,0
"alpha-benzyl-N-methylphenethylamine",10,3,7
"N-desethyl etonitazene",10,2,8
"Psilocybin / Psilocin",10,5,5
"8-aminoclonazolam",10,6,4
"trazodone",10,6,4
"phenothiazine",10,5,5
"doxylamine",9,5,4
"3-methylmethcathinone",9,9,0
"Î±-Pyrrolidinoisohexanophenone",9,7,2
"tadalafil",9,9,0
"psilocin",9,6,3
"methylphenidate",8,8,0
"N-acetylmethamphetamine",8,5,3
"p-fluoro norfentanyl",8,5,3
"N,N-diethylaniline",8,1,7
"estradiol valerate",8,7,1
"xylitol",8,7,1
"cannabigerol",8,3,5
"methadone",8,5,3
"methocarbamol",8,5,3
"quetiapine",8,3,5
"diazepam",8,8,0
"4-piperidone",8,2,6
"ecgonidine (ED)",8,1,7
"methaqualone",7,7,0
"sample damaged in transit",7,7,0
"N-propionyl para-fluoro norfentanyl",7,1,6
"despropionyl carfentanil",7,2,5
"N-isopropylbenzylamine",7,5,2
"buspirone",7,4,3
"2C-H",7,2,5
"lorazepam",7,7,0
"bipiperidinyl 4-ANPP",7,5,2
"carisoprodol",6,6,0
"N-formylmethamphetamine",6,2,4
"1-boc-4-hydroxypiperidine",6,5,1
"oxandrolone",6,6,0
"sildenafil",6,6,0
"estradiol",6,6,0
"N-pyrrolidino-etonitazene",6,2,4
"N-desethyl isotonitazene",6,2,4
"p-fluoro 4-anilinopiperidine",6,2,4
"mitragynine",6,6,0
"5-MeO-DMT",6,6,0
"4-acetoxy DMT",6,5,1
"acetamiprid",6,6,0
"gamma-hydroxybutyrate (GHB)",5,5,0
"phencyclidine (PCP)",5,5,0
"naproxen",5,2,3
"1-Piperidinocyclohexanecarbonitrile (PCC)",5,3,2
"t-Boc Norfentanyl",5,1,4
"testosterone propionate",5,3,2
"tapentadol",5,4,1
"pending identification",5,5,0
"p-fluoroacetyl fentanyl",5,4,1
"vitamin E acetate",5,3,2
"sucrose",5,3,2
"fluoro-MBZP (isomer not determined)",5,4,1
"flubromazolam",5,4,1
"MDMB-5-methyl INACA",5,0,5
"MTMP (MMMP)",4,3,1
"N-desethyl protonitazene",4,3,1
"deschloroketamine",4,3,1
"4-chloromethcathinone",4,4,0
"N-pyrrolidino isotonitazene",4,2,2
"ortho-chlorofentanyl",4,1,3
"acetyl tributyl citrate",4,1,3
"zolpidem",4,4,0
"3-Methoxy-PCP",4,4,0
"theobromine",4,4,0
"cyclobenzaprine",4,3,1
"methoxyacetyl fentanyl",4,0,4
"triethyl citrate",4,4,0
"naloxone",4,4,0
"5-fluoro ADB",4,4,0
"7-hydroxymitragynine",4,4,0
"3-hydroxy-PCP (3-HO-PCP)",4,4,0
"4-fluoro-alpha-PHP",4,4,0
"flubromazepam",4,4,0
"2-fluoro deschloroketamine",3,2,1
"1-Boc-4-(4-fluoro-phenylamino)-piperidine",3,1,2
"APB (isomer not determined)",3,3,0
"cinnamoylcocaine",3,0,3
"testosterone decanoate",3,2,1
"despropionyl ortho-chlorofentanyl",3,3,0
"paynantheine",3,3,0
"2-oxo-PCE (O-PCE)",3,1,2
"hydromorphone",3,3,0
"dehydroisoandrosterone (DHEA)",3,1,2
"desalkylgidazepam",3,2,1
"3-fluoro-PCP",3,3,0
"N,N-dimethylamino-etonitazene",3,1,2
"1-piperidino-1-cyclohexene",3,1,2
"acetophenone",3,2,1
"N-cyclohexyl-pentylone",3,3,0
"lactose",3,2,1
"testosterone isocaproate",3,2,1
"ethylbromazolam",3,1,2
"nandrolone phenylpropionate",3,2,1
"delta-9-THC acetate",3,1,2
"aminopyrine",3,2,1
"hydroxyzine",3,3,0
"methylparaben",3,2,1
"N-(1-phenethyl-4-piperidyl)-N-benzylpropanamide",3,2,1
"3,4-methylenedioxy-N,N-dimethylamphetamine (MDDM)",3,2,1
"progesterone",3,3,0
"methenolone enanthate",3,2,1
"psilocybin",3,1,2
"memantine",3,2,1
"nandrolone decanoate",3,3,0
"ADB-BUTINACA",3,2,1
"testosterone phenylpropionate",3,2,1
"trenbolone acetate",2,1,1
"1-(3,4-Methylenedioxyphenyl)-2-propanol",2,1,1
"gamma-butyrolactone (GBL)",2,2,0
"2-bromo-4'-methylpropiophenone",2,2,0
"N-acetyl 2C-B",2,2,0
"4-Fluoromethylphenidate",2,2,0
"ADB-4en-PINACA",2,1,1
"saccharin",2,2,0
"venlafaxine",2,2,0
"ADB-INACA",2,1,1
"adrafinil",2,2,0
"ibogamine",2,1,1
"3,4-methylenedioxy-N-benzylcathinone (BMDP)",2,2,0
"2C-I",2,2,0
"diclazepam",2,2,0
"4-chloro-2,5-DMA (DOC)",2,2,0
"tryptamine",2,0,2
"DOM",2,2,0
"N-benzyl-N-cyclohexylamine",2,2,0
"etaqualone",2,1,1
"canrenone",2,2,0
"bk-MDEA",2,2,0
"ibogaine",2,2,0
"Fluoroamphetamine (isomer not determined)",2,2,0
"levetiracetam",2,2,0
"N-benzyl para-fluoro norfentanyl",2,0,2
"cholesterol",2,1,1
"MMB-FUBINACA",2,0,2
"spironolactone",2,2,0
"Î±-Ethylaminopentiophenone",2,2,0
"methylenedioxynitazene",2,0,2
"N-phenylacetyl-L-prolylglycine ethyl ester",2,2,0
"O-desmethyltramadol",2,2,0
"deoxymethoxetamine",2,0,2
"2C-D",2,2,0
"N-methyltryptamine",2,1,1
"N-propionitrile chlorphine",2,2,0
"vitamin E",2,1,1
"naltrexone",2,2,0
"4-hydroxy-MET",2,2,0
"PMK ethyl glycidate",2,2,0
"methoxisopropamine (MXiPR)",1,1,0
"ethyl 3-aminobenzoate",1,1,0
"4-benzylpyrimidine",1,1,0
"mifepristone",1,1,0
"2-fluoromethamphetamine",1,1,0
"p-tosylamide",1,1,0
"vitamin D3",1,1,0
"paroxetine",1,1,0
"cyclohexylamine",1,1,0
"fluconazole",1,1,0
"boldenone undecylenate",1,1,0
"3-methoxy-PCE (3-MeO-PCE)",1,1,0
"narceine",1,0,1
"protodesnitazene",1,1,0
"furanyl UF-17",1,0,1
"4-bromo-2,5-Dimethoxyamphetamine (DOB)",1,1,0
"terbinafine",1,1,0
"omeprazole",1,1,0
"5-androstenediol",1,1,0
"phentermine",1,1,0
"di-(beta-phenylisopropyl)amine",1,1,0
"metandienone",1,1,0
"3,4-Methylenedioxy-Î±-Propylaminobutiophenone",1,1,0
"tirzepatide",1,1,0
"desalkylquazepam",1,0,1
"clomiphene",1,1,0
"4-methyl-5-phenylpyrimide",1,1,0
"tamsulosin",1,0,1
"N-cyclohexyl butylone",1,1,0
"meclonazepam",1,1,0
"clotrimazole",1,1,0
"sertraline",1,1,0
"trenbolone enanthate",1,0,1
"fluoxetine",1,0,1
"4-hydroxy MiPT",1,1,0
"4-fluoro MDMB-BUTINACA",1,1,0
"8-chlorotheophylline",1,0,1
"losartan",1,1,0
"dihydrocodeine",1,1,0
"ALD-52",1,1,0
"isopropylphenidate",1,1,0
"3,4-methylenedioxypropiophenone",1,1,0
"desmethoxyyangonin",1,1,0
"5-methoxy NiPT",1,1,0
"2-phenylacetophenone",1,1,0
"methylone",1,1,0
"dihydrotestosterone (DHT)",1,1,0
"deschloroetizolam",1,0,1
"5-MeO-MiPT",1,1,0
"norketamine",1,0,1
"3-chlorophenmetrazine (3-CPM)",1,1,0
"3-hydroxy desalkylgidazepam",1,1,0
"25C-NBOMe",1,0,1
"diclofenac",1,1,0
"alpha-methyl tryptamine",1,1,0
"chloromethcathinone (isomer to be determined)",1,1,0
"modafinil",1,1,0
"chlorpromazine",1,1,0
"4-fluoromethcathinone",1,1,0
"methylclonazepam",1,0,1
"N-methyl-cyclohexanamine",1,1,0
"finasteride",1,1,0
"N,N-di(beta-phenylisopropyl)amine",1,1,0
"methysticin",1,1,0
"N-phenethyl tetramethyl-4-AP",1,1,0
"N-ethyl hexedrone",1,1,0
"4-phenyl-2-pyrrolidinone",1,0,1
"N-piperidinyl etonitazene",1,1,0
"barbituric acid",1,1,0
"unknown",1,1,0
"N,N-dipropyltryptamine (DPT)",1,1,0
"delta-9-THCP",1,1,0
"kavain",1,1,0
"oxybutynin",1,1,0
"lisdexamfetamine",1,1,0
"etomidate",1,1,0
"4-fluoro-3-methyl-Î±-PVP",1,1,0
"R-6890",1,1,0
"testosterone",1,1,0
"despropionyl chlorofentanyl (isomer not determined)",1,1,0
"2-phenylacetamide",1,1,0
"loratadine",1,0,1
"creatinine",1,0,1
"amoxicillin",1,1,0
"cyfluthrin",1,1,0
"ADB-5'Br-BUTINACA",1,0,1
"dihydromethysticin",1,1,0
"anastrozole",1,1,0
"methandrostenolone",1,1,0
"niacin",1,1,0
"phenobarbital",1,0,1
"3,4-MDiPA",1,0,1
"1,6-dehydro tramadol",1,1,0
"3,4,5-trimethyoxybenzaldehyde",1,1,0
"5-fluoro-MDMB-PICA",1,1,0
"4-fluorophenibut",1,1,0
"furanyl fentanyl",1,0,1
"alpha-pyrrolidinoisohexanophenone",1,0,1
"1,2-Dibromo-4,5-methylenedioxybenzene",1,1,0
"ortho-methyl 4-AP-1-ethyl Carbamate",1,1,0
"2,4,5-TrimethoxyamphetamineÂ (TMA-2)",1,1,0
"4-acetoxy DET",1,1,0
"stanozolol",1,1,0
"hexahydrocannabinol (HHC)",1,1,0
"brorphine",1,0,1
"praziquantel",1,0,1
"lysergic acid methyl ester",1,1,0
"midazolam",1,1,0
"2C-T-7",1,1,0
"biphenyl",1,1,0
"oxcarbazepine",1,1,0
"1-phenyl-2-propanol",1,1,0
"semaglutide",1,1,0
"clonidine",1,0,1
"non-specific hydrocarbon",1,1,0
"5-methyl etodesnitazene",1,1,0
"methyl salicylate",1,1,0
"pyrazolam",1,1,0
"4-fluoro ABUTINACA",1,1,0
"N-ethylpentylone",1,0,1
"chlorcyclizine",1,1,0
"delta-4(8)-iso-THC",1,1,0
"N,N-dimethylphenethylamine",1,1,0
"N-formylamphetamine",1,1,0
"bromobenzene",1,1,0
"diphenyl sulfone",1,1,0
"tianeptine metabolite",1,1,0
"azithromycin",1,1,0
"atropine",1,0,1
"2C-B-fly",1,1,0
"lysergic acid amide (LSA)",1,0,1
"N-(acetyl)-thebaol",1,1,0
"etodesnitazene",1,1,0
"yangonin",1,1,0
"ephedrine/pseudoephedrine",1,0,1
"sample-lab constraints",1,1,0
"pentobarbital",1,1,0
"delta-8-THC acetate",1,1,0
"temazepam",1,1,0
"desalkylflurazepam",1,1,0
"drostanolone enanthate",1,1,0
"dihydrokavain",1,1,0
"benzoin",1,1,0
"estradiol undecylate",1,1,0
