substance,any,primary,trace
"fentanyl",7190,6117,1073
"4-ANPP",6376,4859,1517
"methamphetamine",3546,3033,513
"acetaminophen",2567,2101,466
"xylazine",2501,1626,875
"cocaine",2493,1734,759
"lidocaine",2241,1489,752
"heroin",1991,1514,477
"phenethyl 4-ANPP",1822,432,1390
"caffeine",1615,1090,525
"bis(2,2,6,6-tetramethyl-4-piperidyl) sebacate",1561,946,615
"ethyl 4-ANPP",1203,337,866
"p-fluorofentanyl",1076,530,546
"diphenhydramine",1012,750,262
"acetylcodeine",975,335,640
"6-monoacetylmorphine (6-MAM)",911,331,580
"dimethyl sulfone (methylsulfonylmethane MSM)",732,483,249
"quinine",710,260,450
"procaine",661,482,179
"despropionyl p-fluorofentanyl",603,454,149
"N-phenylpropanamide",564,181,383
"ketamine",548,449,99
"medetomidine",497,228,269
"bromazolam",456,334,122
"methyl ecgonidine (MED)",420,50,370
"3,4-MDMA",394,371,23
"no compounds of interest detected",369,369,0
"1-phenethyl-4-propionyloxypiperidine",342,77,265
"tramadol",316,135,181
"tetracaine",230,145,85
"p-fluoro phenethyl 4-ANPP",227,53,174
"noramidopyrine",199,107,92
"papaverine",174,22,152
"phenacetin",170,90,80
"delta-9-THC",156,113,43
"1,3-Diacetin",153,128,25
"tropacocaine",150,8,142
"erythritol",149,87,62
"2,2,6,6-tetramethyl-4-piperidinol",128,21,107
"N-propionyl norfentanyl",120,22,98
"N-phenethyl-N-phenylpropionamide",113,55,58
"1-phenethyl-4-hydroxypiperidine",112,16,96
"carfentanil",106,30,76
"2-Fluoro-2-oxo PCE",104,61,43
"amphetamine",98,52,46
"meconin",96,14,82
"phenethylbromide",94,8,86
"acetyl fentanyl",93,24,69
"N,N-dimethylpentylone",93,73,20
"NPP",91,27,64
"mannitol",89,53,36
"N,N-Dimethylamphetamine (DMA)",86,32,54
"benzocaine",86,44,42
"alprazolam",85,79,6
"non-specific sugar",85,83,2
"benzoylecgonine (BZ)",84,20,64
"gabapentin",81,45,36
"N-butyl-aniline",81,30,51
"levamisole",81,34,47
"despropionyl ortho-methylfentanyl",78,48,30
"diacetamate",78,46,32
"MDA",74,66,8
"benzyl alcohol",74,40,34
"ortho-methylfentanyl",73,15,58
"morphine",70,28,42
"acetanilide",69,21,48
"4-Anilino-1-Boc-piperidine",64,31,33
"norcocaine",64,4,60
"noscapine",64,24,40
"niacinamide",59,23,36
"2C-B",59,55,4
"phenethyl chloride",58,1,57
"dextromethorphan",58,36,22
"cannabinol",57,29,28
"metonitazene",56,19,37
"aniline",54,17,37
"4-anilinopiperidine",54,12,42
"N,N-dimethyltryptamine (DMT)",53,48,5
"nicotine",50,27,23
"1-propionyl-4-anilinopiperidine",45,8,37
"protonitazene",45,17,28
"norfentanyl",43,7,36
"inositol",42,10,32
"1-[(2-chlorophenyl)(methylimino)methyl]cyclopentanol",42,5,37
"hydrocotarnine",41,9,32
"MDMB-4en-PINACA",41,38,3
"glycerin",41,30,11
"tiletamine",40,10,30
"ecgonine methylester (EME)",40,3,37
"oxycodone",40,33,7
"clonazolam",39,32,7
"lysergic acid diethylamide (LSD)",37,31,6
"melatonin",37,14,23
"clonazepam",37,35,2
"benzyl benzoate",36,35,1
"phenazolam",36,36,0
"tetramethyl-4-AP",34,25,9
"promethazine",28,21,7
"ibuprofen",26,10,16
"menthol",26,17,9
"etizolam",25,20,5
"non-specific organic acid",25,25,0
"MDMB-INACA",23,19,4
"non-specific phthalate",23,22,1
"1-phenyl-1-propanamine",23,19,4
"urea",23,17,6
"tetramethylnorfentanyl",22,17,5
"codeine",21,5,16
"estradiol enantate",20,19,1
"denatonium",20,10,10
"N-Pyrrolidino-Protonitazene",20,8,12
"buprenorphine",19,17,2
"2-methylmethcathinone",19,19,0
"aspirin",19,16,3
"cannabidiol",18,13,5
"salicylic acid",17,13,4
"ethyl vanillin",17,16,1
"4-Methylmethcathinone",17,17,0
"vanillin",16,13,3
"2-methyl-1,2,3,4-tetrahydro-b-carboline",16,6,10
"testosterone cypionate",15,15,0
"benzoic acid",15,5,10
"flualprazolam",14,9,5
"delta-8-THC",14,8,6
"3,4-Methylenedioxy-Î±-Cyclohexylaminopropiophenone",14,12,2
"3-monoacetylmorphine (3-MAM)",14,7,7
"1,4-Butanediol",14,13,1
"ethyl 4-anilinopiperidine-1-carboxylate",14,6,8
"N-phenyl-acetamide",13,3,10
"pending nitazene",13,6,7
"tianeptine",12,3,9
"guaifenesin",12,7,5
"phenibut",12,3,9
"AB-MDMSBA",12,7,5
"3,4-Methylenedioxy-Î±-Isopropylaminobutiophenone",12,9,3
"bupivacaine",11,11,0
"ergosterol",11,11,0
"testosterone enanthate",11,11,0
"eutylone",11,6,5
"valeryl fentanyl",11,2,9
"alpha-pyrrolidinoisoheptanophenone",11,11,0
"phenothiazine",11,6,5
"hydrocodone",11,7,4
"alpha-benzyl-N-methylphenethylamine",10,3,7
"mescaline",10,10,0
"N-desethyl etonitazene",10,2,8
"pregabalin",10,7,3
"trazodone",10,6,4
"8-aminoclonazolam",10,6,4
"Psilocybin / Psilocin",10,5,5
"doxylamine",9,5,4
"Î±-Pyrrolidinoisohexanophenone",9,7,2
"tadalafil",9,9,0
"psilocin",9,6,3
"3-methylmethcathinone",9,9,0
"estradiol valerate",8,7,1
"diazepam",8,8,0
"ecgonidine (ED)",8,1,7
"cannabigerol",8,3,5
"methadone",8,5,3
"N,N-diethylaniline",8,1,7
"N-acetylmethamphetamine",8,5,3
"p-fluoro norfentanyl",8,5,3
"methocarbamol",8,5,3
"quetiapine",8,3,5
"4-piperidone",8,2,6
"methylphenidate",8,8,0
"xylitol",8,7,1
"4-acetoxy DMT",7,6,1
"N-propionyl para-fluoro norfentanyl",7,1,6
"2C-H",7,2,5
"bipiperidinyl 4-ANPP",7,5,2
"sample damaged in transit",7,7,0
"N-isopropylbenzylamine",7,5,2
"lorazepam",7,7,0
"methaqualone",7,7,0
"buspirone",7,4,3
"despropionyl carfentanil",7,2,5
"carisoprodol",6,6,0
"sildenafil",6,6,0
"acetamiprid",6,6,0
"mitragynine",6,6,0
"N-desethyl isotonitazene",6,2,4
"p-fluoro 4-anilinopiperidine",6,2,4
"1-boc-4-hydroxypiperidine",6,5,1
"estradiol",6,6,0
"N-formylmethamphetamine",6,2,4
"5-MeO-DMT",6,6,0
"oxandrolone",6,6,0
"N-pyrrolidino-etonitazene",6,2,4
"sucrose",5,3,2
"phencyclidine (PCP)",5,5,0
"flubromazolam",5,4,1
"vitamin E acetate",5,3,2
"t-Boc Norfentanyl",5,1,4
"fluoro-MBZP (isomer not determined)",5,4,1
"testosterone propionate",5,3,2
"p-fluoroacetyl fentanyl",5,4,1
"MDMB-5-methyl INACA",5,0,5
"naproxen",5,2,3
"1-Piperidinocyclohexanecarbonitrile (PCC)",5,3,2
"hydromorphone",5,5,0
"tapentadol",5,4,1
"gamma-hydroxybutyrate (GHB)",5,5,0
"MTMP (MMMP)",4,3,1
"5-fluoro ADB",4,4,0
"deschloroketamine",4,3,1
"theobromine",4,4,0
"ortho-chlorofentanyl",4,1,3
"3-hydroxy-PCP (3-HO-PCP)",4,4,0
"cyclobenzaprine",4,3,1
"naloxone",4,4,0
"zolpidem",4,4,0
"pending identification",4,4,0
"N-pyrrolidino isotonitazene",4,2,2
"triethyl citrate",4,4,0
"acetyl tributyl citrate",4,1,3
"4-chloromethcathinone",4,4,0
"methoxyacetyl fentanyl",4,0,4
"3-Methoxy-PCP",4,4,0
"7-hydroxymitragynine",4,4,0
"4-fluoro-alpha-PHP",4,4,0
"N-desethyl protonitazene",4,3,1
"flubromazepam",4,4,0
"1-Boc-4-(4-fluoro-phenylamino)-piperidine",3,1,2
"psilocybin",3,1,2
"nandrolone phenylpropionate",3,2,1
"progesterone",3,3,0
"testosterone phenylpropionate",3,2,1
"delta-9-THC acetate",3,1,2
"N-(1-phenethyl-4-piperidyl)-N-benzylpropanamide",3,2,1
"methylparaben",3,2,1
"desalkylgidazepam",3,2,1
"acetophenone",3,2,1
"aminopyrine",3,2,1
"cinnamoylcocaine",3,0,3
"2-fluoro deschloroketamine",3,2,1
"lactose",3,2,1
"testosterone isocaproate",3,2,1
"testosterone decanoate",3,2,1
"paynantheine",3,3,0
"2-oxo-PCE (O-PCE)",3,1,2
"1-piperidino-1-cyclohexene",3,1,2
"memantine",3,2,1
"methenolone enanthate",3,2,1
"3,4-methylenedioxy-N,N-dimethylamphetamine (MDDM)",3,2,1
"nandrolone decanoate",3,3,0
"dehydroisoandrosterone (DHEA)",3,1,2
"hydroxyzine",3,3,0
"N-cyclohexyl-pentylone",3,3,0
"ethylbromazolam",3,1,2
"despropionyl ortho-chlorofentanyl",3,3,0
"APB (isomer not determined)",3,3,0
"3-fluoro-PCP",3,3,0
"ADB-BUTINACA",3,2,1
"N,N-dimethylamino-etonitazene",3,1,2
"4-Fluoromethylphenidate",2,2,0
"ADB-4en-PINACA",2,1,1
"4-hydroxy-MET",2,2,0
"venlafaxine",2,2,0
"2-bromo-4'-methylpropiophenone",2,2,0
"N-phenylacetyl-L-prolylglycine ethyl ester",2,2,0
"N-methyltryptamine",2,1,1
"sertraline",2,2,0
"Î±-Ethylaminopentiophenone",2,2,0
"PMK ethyl glycidate",2,2,0
"Fluoroamphetamine (isomer not determined)",2,2,0
"ibogamine",2,1,1
"DOM",2,2,0
"4-chloro-2,5-DMA (DOC)",2,2,0
"tryptamine",2,0,2
"methylenedioxynitazene",2,0,2
"diclazepam",2,2,0
"N-acetyl 2C-B",2,2,0
"levetiracetam",2,2,0
"N-benzyl-N-cyclohexylamine",2,2,0
"2C-D",2,2,0
"MMB-FUBINACA",2,0,2
"3,4-methylenedioxy-N-benzylcathinone (BMDP)",2,2,0
"N-propionitrile chlorphine",2,2,0
"ADB-INACA",2,1,1
"gamma-butyrolactone (GBL)",2,2,0
"1-(3,4-Methylenedioxyphenyl)-2-propanol",2,1,1
"O-desmethyltramadol",2,2,0
"trenbolone acetate",2,1,1
"cholesterol",2,1,1
"adrafinil",2,2,0
"canrenone",2,2,0
"etaqualone",2,1,1
"saccharin",2,2,0
"naltrexone",2,2,0
"N-benzyl para-fluoro norfentanyl",2,0,2
"deoxymethoxetamine",2,0,2
"bk-MDEA",2,2,0
"ibogaine",2,2,0
"2C-I",2,2,0
"spironolactone",2,2,0
"vitamin E",2,1,1
"ALD-52",1,1,0
"modafinil",1,1,0
"etodesnitazene",1,1,0
"bupropion",1,1,0
"lysergic acid amide (LSA)",1,0,1
"furanyl UF-17",1,0,1
"4-phenyl-2-pyrrolidinone",1,0,1
"methoxisopropamine (MXiPR)",1,1,0
"finasteride",1,1,0
"4-methyl-5-phenylpyrimide",1,1,0
"4-fluoromethcathinone",1,1,0
"pentobarbital",1,1,0
"3,4-MDiPA",1,0,1
"losartan",1,1,0
"anastrozole",1,1,0
"trenbolone enanthate",1,0,1
"dihydrotestosterone (DHT)",1,1,0
"4-bromo-2,5-Dimethoxyamphetamine (DOB)",1,1,0
"unknown",1,1,0
"drostanolone enanthate",1,1,0
"5-MeO-MiPT",1,1,0
"delta-9-THCP",1,1,0
"p-tosylamide",1,1,0
"alpha-pyrrolidinoisohexanophenone",1,0,1
"5-methoxy NiPT",1,1,0
"chlorpromazine",1,1,0
"N,N-di(beta-phenylisopropyl)amine",1,1,0
"desalkylquazepam",1,0,1
"temazepam",1,1,0
"2-phenylacetamide",1,1,0
"ortho-methyl 4-AP-1-ethyl Carbamate",1,1,0
"loratadine",1,0,1
"tamsulosin",1,0,1
"1-phenyl-2-propanol",1,1,0
"mifepristone",1,1,0
"midazolam",1,1,0
"cyfluthrin",1,1,0
"diphenyl sulfone",1,1,0
"methysticin",1,1,0
"methylone",1,1,0
"furanyl fentanyl",1,0,1
"fluoxetine",1,0,1
"3-chlorophenmetrazine (3-CPM)",1,1,0
"N-ethylpentylone",1,0,1
"benzoin",1,1,0
"phentermine",1,1,0
"25C-NBOMe",1,0,1
"1,6-dehydro tramadol",1,1,0
"hexahydrocannabinol (HHC)",1,1,0
"N-(acetyl)-thebaol",1,1,0
"estradiol undecylate",1,1,0
"5-androstenediol",1,1,0
"2,4,5-TrimethoxyamphetamineÂ (TMA-2)",1,1,0
"niacin",1,1,0
"methyl salicylate",1,1,0
"N-formylamphetamine",1,1,0
"1,2-Dibromo-4,5-methylenedioxybenzene",1,1,0
"4-fluorophenibut",1,1,0
"isopropylphenidate",1,1,0
"methylclonazepam",1,0,1
"pyrazolam",1,1,0
"fluconazole",1,1,0
"semaglutide",1,1,0
"N-cyclohexyl butylone",1,1,0
"deschloroetizolam",1,0,1
"protodesnitazene",1,1,0
"paroxetine",1,1,0
"testosterone",1,1,0
"oxybutynin",1,1,0
"bromobenzene",1,1,0
"norketamine",1,0,1
"azithromycin",1,1,0
"phenobarbital",1,0,1
"sample-lab constraints",1,1,0
"vitamin D3",1,1,0
"tianeptine metabolite",1,1,0
"alpha-methyl tryptamine",1,1,0
"lysergic acid methyl ester",1,1,0
"clonidine",1,0,1
"ephedrine/pseudoephedrine",1,0,1
"dihydrocodeine",1,1,0
"omeprazole",1,1,0
"N-methyl-cyclohexanamine",1,1,0
"3-methoxy-PCE (3-MeO-PCE)",1,1,0
"4-fluoro MDMB-BUTINACA",1,1,0
"praziquantel",1,0,1
"N-phenethyl tetramethyl-4-AP",1,1,0
"terbinafine",1,1,0
"2C-T-7",1,1,0
"boldenone undecylenate",1,1,0
"barbituric acid",1,1,0
"3,4,5-trimethyoxybenzaldehyde",1,1,0
"delta-8-THC acetate",1,1,0
"ADB-5'Br-BUTINACA",1,0,1
"kavain",1,1,0
"N,N-dipropyltryptamine (DPT)",1,1,0
"dihydrokavain",1,1,0
"amoxicillin",1,1,0
"5-methyl etodesnitazene",1,1,0
"clomiphene",1,1,0
"despropionyl chlorofentanyl (isomer not determined)",1,1,0
"cyclohexylamine",1,1,0
"non-specific hydrocarbon",1,1,0
"lisdexamfetamine",1,1,0
"biphenyl",1,1,0
"etomidate",1,1,0
"chloromethcathinone (isomer to be determined)",1,1,0
"di-(beta-phenylisopropyl)amine",1,1,0
"5-fluoro-MDMB-PICA",1,1,0
"tirzepatide",1,1,0
"desalkylflurazepam",1,1,0
"3-hydroxy desalkylgidazepam",1,1,0
"atropine",1,0,1
"N-ethyl hexedrone",1,1,0
"N,N-dimethylphenethylamine",1,1,0
"3,4-Methylenedioxy-Î±-Propylaminobutiophenone",1,1,0
"4-fluoro-3-methyl-Î±-PVP",1,1,0
"dihydromethysticin",1,1,0
"N-piperidinyl etonitazene",1,1,0
"4-fluoro ABUTINACA",1,1,0
"3,4-methylenedioxypropiophenone",1,1,0
"methandrostenolone",1,1,0
"narceine",1,0,1
"meclonazepam",1,1,0
"yangonin",1,1,0
"brorphine",1,0,1
"4-hydroxy MiPT",1,1,0
"chlorcyclizine",1,1,0
"creatinine",1,0,1
"metandienone",1,1,0
"delta-4(8)-iso-THC",1,1,0
"diclofenac",1,1,0
"clotrimazole",1,1,0
"2-phenylacetophenone",1,1,0
"4-acetoxy DET",1,1,0
"2C-B-fly",1,1,0
"4-benzylpyrimidine",1,1,0
"oxcarbazepine",1,1,0
"R-6890",1,1,0
"8-chlorotheophylline",1,0,1
"stanozolol",1,1,0
"ethyl 3-aminobenzoate",1,1,0
"desmethoxyyangonin",1,1,0
"2-fluoromethamphetamine",1,1,0
