substance,any,primary,trace
"fentanyl",6886,5865,1021
"4-ANPP",6103,4639,1464
"methamphetamine",3415,2917,498
"acetaminophen",2454,2009,445
"xylazine",2419,1593,826
"cocaine",2378,1653,725
"lidocaine",2129,1423,706
"heroin",1929,1471,458
"phenethyl 4-ANPP",1753,419,1334
"caffeine",1556,1043,513
"bis(2,2,6,6-tetramethyl-4-piperidyl) sebacate",1480,897,583
"ethyl 4-ANPP",1132,309,823
"p-fluorofentanyl",1060,523,537
"diphenhydramine",957,707,250
"acetylcodeine",954,333,621
"6-monoacetylmorphine (6-MAM)",883,321,562
"dimethyl sulfone (methylsulfonylmethane MSM)",707,468,239
"quinine",693,253,440
"procaine",615,452,163
"despropionyl p-fluorofentanyl",594,448,146
"N-phenylpropanamide",538,179,359
"ketamine",515,426,89
"bromazolam",446,327,119
"medetomidine",442,205,237
"methyl ecgonidine (MED)",403,47,356
"3,4-MDMA",380,357,23
"no compounds of interest detected",339,339,0
"1-phenethyl-4-propionyloxypiperidine",334,76,258
"tramadol",308,134,174
"p-fluoro phenethyl 4-ANPP",221,52,169
"tetracaine",218,138,80
"noramidopyrine",199,107,92
"papaverine",173,22,151
"phenacetin",164,85,79
"delta-9-THC",153,112,41
"1,3-Diacetin",147,122,25
"tropacocaine",140,8,132
"erythritol",137,80,57
"2,2,6,6-tetramethyl-4-piperidinol",124,21,103
"N-propionyl norfentanyl",119,21,98
"1-phenethyl-4-hydroxypiperidine",108,16,92
"N-phenethyl-N-phenylpropionamide",105,52,53
"2-Fluoro-2-oxo PCE",104,61,43
"carfentanil",96,28,68
"phenethylbromide",94,8,86
"meconin",94,14,80
"amphetamine",94,50,44
"N,N-dimethylpentylone",93,73,20
"acetyl fentanyl",89,23,66
"NPP",88,27,61
"mannitol",87,52,35
"non-specific sugar",85,83,2
"benzocaine",82,42,40
"N,N-Dimethylamphetamine (DMA)",81,30,51
"alprazolam",81,75,6
"N-butyl-aniline",81,30,51
"levamisole",79,33,46
"benzoylecgonine (BZ)",79,20,59
"diacetamate",78,46,32
"gabapentin",73,40,33
"MDA",72,65,7
"benzyl alcohol",71,38,33
"acetanilide",69,21,48
"despropionyl ortho-methylfentanyl",68,43,25
"morphine",68,27,41
"ortho-methylfentanyl",68,14,54
"noscapine",63,24,39
"norcocaine",62,4,58
"niacinamide",59,23,36
"phenethyl chloride",58,1,57
"4-Anilino-1-Boc-piperidine",56,27,29
"metonitazene",56,19,37
"cannabinol",55,29,26
"N,N-dimethyltryptamine (DMT)",53,48,5
"2C-B",53,49,4
"aniline",52,15,37
"dextromethorphan",52,31,21
"4-anilinopiperidine",52,12,40
"nicotine",46,24,22
"protonitazene",45,17,28
"1-propionyl-4-anilinopiperidine",43,6,37
"inositol",42,10,32
"norfentanyl",42,6,36
"MDMB-4en-PINACA",41,38,3
"ecgonine methylester (EME)",40,3,37
"1-[(2-chlorophenyl)(methylimino)methyl]cyclopentanol",40,5,35
"tiletamine",40,10,30
"hydrocotarnine",40,9,31
"oxycodone",39,32,7
"clonazolam",39,32,7
"glycerin",39,29,10
"melatonin",37,14,23
"clonazepam",37,35,2
"lysergic acid diethylamide (LSD)",34,30,4
"benzyl benzoate",33,32,1
"phenazolam",27,27,0
"ibuprofen",26,10,16
"etizolam",25,20,5
"promethazine",25,18,7
"non-specific organic acid",25,25,0
"menthol",24,15,9
"non-specific phthalate",23,22,1
"1-phenyl-1-propanamine",23,19,4
"urea",23,17,6
"MDMB-INACA",23,19,4
"codeine",21,5,16
"N-Pyrrolidino-Protonitazene",20,8,12
"tetramethyl-4-AP",20,17,3
"aspirin",19,16,3
"buprenorphine",19,17,2
"cannabidiol",18,13,5
"denatonium",17,8,9
"4-Methylmethcathinone",17,17,0
"salicylic acid",17,13,4
"ethyl vanillin",17,16,1
"estradiol enantate",17,16,1
"2-methylmethcathinone",17,17,0
"vanillin",16,13,3
"2-methyl-1,2,3,4-tetrahydro-b-carboline",16,6,10
"benzoic acid",15,5,10
"delta-8-THC",14,8,6
"3-monoacetylmorphine (3-MAM)",14,7,7
"flualprazolam",14,9,5
"ethyl 4-anilinopiperidine-1-carboxylate",14,6,8
"3,4-Methylenedioxy-Î±-Cyclohexylaminopropiophenone",13,11,2
"1,4-Butanediol",13,12,1
"testosterone cypionate",13,13,0
"N-phenyl-acetamide",13,3,10
"pending nitazene",13,6,7
"AB-MDMSBA",12,7,5
"tianeptine",12,3,9
"bupivacaine",11,11,0
"3,4-Methylenedioxy-Î±-Isopropylaminobutiophenone",11,8,3
"eutylone",11,6,5
"hydrocodone",11,7,4
"valeryl fentanyl",11,2,9
"alpha-pyrrolidinoisoheptanophenone",11,11,0
"guaifenesin",11,7,4
"Psilocybin / Psilocin",10,5,5
"8-aminoclonazolam",10,6,4
"ergosterol",10,10,0
"N-desethyl etonitazene",10,2,8
"tetramethylnorfentanyl",10,7,3
"pregabalin",10,7,3
"Î±-Pyrrolidinoisohexanophenone",9,7,2
"3-methylmethcathinone",9,9,0
"trazodone",9,6,3
"testosterone enanthate",9,9,0
"phenibut",9,3,6
"alpha-benzyl-N-methylphenethylamine",9,2,7
"doxylamine",9,5,4
"methylphenidate",8,8,0
"cannabigerol",8,3,5
"tadalafil",8,8,0
"N-acetylmethamphetamine",8,5,3
"p-fluoro norfentanyl",8,5,3
"mescaline",8,8,0
"ecgonidine (ED)",8,1,7
"phenothiazine",8,5,3
"quetiapine",8,3,5
"methadone",8,5,3
"methocarbamol",8,5,3
"N,N-diethylaniline",8,1,7
"psilocin",8,5,3
"buspirone",7,4,3
"N-isopropylbenzylamine",7,5,2
"despropionyl carfentanil",7,2,5
"methaqualone",7,7,0
"bipiperidinyl 4-ANPP",7,5,2
"4-piperidone",7,2,5
"sample damaged in transit",7,7,0
"diazepam",7,7,0
"N-propionyl para-fluoro norfentanyl",7,1,6
"estradiol valerate",7,6,1
"lorazepam",7,7,0
"carisoprodol",6,6,0
"4-acetoxy DMT",6,5,1
"2C-H",6,2,4
"p-fluoro 4-anilinopiperidine",6,2,4
"N-pyrrolidino-etonitazene",6,2,4
"5-MeO-DMT",6,6,0
"mitragynine",6,6,0
"sildenafil",6,6,0
"N-desethyl isotonitazene",6,2,4
"N-formylmethamphetamine",6,2,4
"xylitol",6,5,1
"acetamiprid",6,6,0
"flubromazolam",5,4,1
"vitamin E acetate",5,3,2
"naproxen",5,2,3
"estradiol",5,5,0
"gamma-hydroxybutyrate (GHB)",5,5,0
"1-Piperidinocyclohexanecarbonitrile (PCC)",5,3,2
"sucrose",5,3,2
"tapentadol",5,4,1
"t-Boc Norfentanyl",5,1,4
"MDMB-5-methyl INACA",5,0,5
"1-boc-4-hydroxypiperidine",5,4,1
"testosterone propionate",5,3,2
"phencyclidine (PCP)",5,5,0
"deschloroketamine",4,3,1
"pending identification",4,4,0
"4-fluoro-alpha-PHP",4,4,0
"ortho-chlorofentanyl",4,1,3
"methoxyacetyl fentanyl",4,0,4
"acetyl tributyl citrate",4,1,3
"3-hydroxy-PCP (3-HO-PCP)",4,4,0
"cyclobenzaprine",4,3,1
"naloxone",4,4,0
"3-Methoxy-PCP",4,4,0
"flubromazepam",4,4,0
"MTMP (MMMP)",4,3,1
"4-chloromethcathinone",4,4,0
"oxandrolone",4,4,0
"7-hydroxymitragynine",4,4,0
"N-pyrrolidino isotonitazene",4,2,2
"N-desethyl protonitazene",4,3,1
"5-fluoro ADB",4,4,0
"zolpidem",4,4,0
"theobromine",4,4,0
"triethyl citrate",4,4,0
"despropionyl ortho-chlorofentanyl",3,3,0
"cinnamoylcocaine",3,0,3
"hydromorphone",3,3,0
"progesterone",3,3,0
"ADB-BUTINACA",3,2,1
"hydroxyzine",3,3,0
"testosterone isocaproate",3,2,1
"2-fluoro deschloroketamine",3,2,1
"3-fluoro-PCP",3,3,0
"p-fluoroacetyl fentanyl",3,3,0
"1-Boc-4-(4-fluoro-phenylamino)-piperidine",3,1,2
"testosterone phenylpropionate",3,2,1
"psilocybin",3,1,2
"2-oxo-PCE (O-PCE)",3,1,2
"nandrolone phenylpropionate",3,2,1
"N-(1-phenethyl-4-piperidyl)-N-benzylpropanamide",3,2,1
"delta-9-THC acetate",3,1,2
"desalkylgidazepam",3,2,1
"1-piperidino-1-cyclohexene",3,1,2
"dehydroisoandrosterone (DHEA)",3,1,2
"acetophenone",3,2,1
"N,N-dimethylamino-etonitazene",3,1,2
"paynantheine",3,3,0
"testosterone decanoate",3,2,1
"lactose",3,2,1
"methenolone enanthate",3,2,1
"aminopyrine",3,2,1
"3,4-methylenedioxy-N,N-dimethylamphetamine (MDDM)",3,2,1
"methylparaben",3,2,1
"APB (isomer not determined)",3,3,0
"fluoro-MBZP (isomer not determined)",3,3,0
"memantine",3,2,1
"N-acetyl 2C-B",2,2,0
"ADB-INACA",2,1,1
"saccharin",2,2,0
"4-hydroxy-MET",2,2,0
"3,4-methylenedioxy-N-benzylcathinone (BMDP)",2,2,0
"venlafaxine",2,2,0
"bk-MDEA",2,2,0
"Î±-Ethylaminopentiophenone",2,2,0
"ibogamine",2,1,1
"2C-D",2,2,0
"cholesterol",2,1,1
"ibogaine",2,2,0
"N-benzyl-N-cyclohexylamine",2,2,0
"etaqualone",2,1,1
"O-desmethyltramadol",2,2,0
"nandrolone decanoate",2,2,0
"1-(3,4-Methylenedioxyphenyl)-2-propanol",2,1,1
"diclazepam",2,2,0
"trenbolone acetate",2,1,1
"N-cyclohexyl-pentylone",2,2,0
"2C-I",2,2,0
"4-chloro-2,5-DMA (DOC)",2,2,0
"N-propionitrile chlorphine",2,2,0
"levetiracetam",2,2,0
"tryptamine",2,0,2
"deoxymethoxetamine",2,0,2
"MMB-FUBINACA",2,0,2
"methylenedioxynitazene",2,0,2
"DOM",2,2,0
"ADB-4en-PINACA",2,1,1
"gamma-butyrolactone (GBL)",2,2,0
"4-Fluoromethylphenidate",2,2,0
"naltrexone",2,2,0
"2-bromo-4'-methylpropiophenone",2,2,0
"Fluoroamphetamine (isomer not determined)",2,2,0
"N-methyltryptamine",2,1,1
"N-benzyl para-fluoro norfentanyl",2,0,2
"spironolactone",2,2,0
"adrafinil",2,2,0
"canrenone",2,2,0
"N-phenylacetyl-L-prolylglycine ethyl ester",2,2,0
"biphenyl",1,1,0
"methoxisopropamine (MXiPR)",1,1,0
"ADB-5'Br-BUTINACA",1,0,1
"5-fluoro-MDMB-PICA",1,1,0
"1,2-Dibromo-4,5-methylenedioxybenzene",1,1,0
"sertraline",1,1,0
"N,N-di(beta-phenylisopropyl)amine",1,1,0
"PMK ethyl glycidate",1,1,0
"delta-9-THCP",1,1,0
"tianeptine metabolite",1,1,0
"unknown",1,1,0
"dihydrocodeine",1,1,0
"losartan",1,1,0
"non-specific hydrocarbon",1,1,0
"midazolam",1,1,0
"pyrazolam",1,1,0
"etodesnitazene",1,1,0
"delta-8-THC acetate",1,1,0
"methylone",1,1,0
"oxcarbazepine",1,1,0
"barbituric acid",1,1,0
"5-methoxy NiPT",1,1,0
"temazepam",1,1,0
"vitamin D3",1,1,0
"lysergic acid amide (LSA)",1,0,1
"1-phenyl-2-propanol",1,1,0
"lysergic acid methyl ester",1,1,0
"loratadine",1,0,1
"4-methyl-5-phenylpyrimide",1,1,0
"boldenone undecylenate",1,1,0
"ALD-52",1,1,0
"p-tosylamide",1,1,0
"trenbolone enanthate",1,0,1
"protodesnitazene",1,1,0
"tamsulosin",1,0,1
"lisdexamfetamine",1,1,0
"4-fluoro-3-methyl-Î±-PVP",1,1,0
"2C-T-7",1,1,0
"N-ethyl hexedrone",1,1,0
"4-bromo-2,5-Dimethoxyamphetamine (DOB)",1,1,0
"fluconazole",1,1,0
"bromobenzene",1,1,0
"amoxicillin",1,1,0
"sample-lab constraints",1,1,0
"N-cyclohexyl butylone",1,1,0
"isopropylphenidate",1,1,0
"furanyl UF-17",1,0,1
"clomiphene",1,1,0
"5-androstenediol",1,1,0
"cyclohexylamine",1,1,0
"25C-NBOMe",1,0,1
"mifepristone",1,1,0
"oxybutynin",1,1,0
"5-methyl etodesnitazene",1,1,0
"N-(acetyl)-thebaol",1,1,0
"anastrozole",1,1,0
"drostanolone enanthate",1,1,0
"benzoin",1,1,0
"phenobarbital",1,0,1
"N-formylamphetamine",1,1,0
"vitamin E",1,1,0
"yangonin",1,1,0
"clotrimazole",1,1,0
"methandrostenolone",1,1,0
"stanozolol",1,1,0
"3,4,5-trimethyoxybenzaldehyde",1,1,0
"4-fluoro MDMB-BUTINACA",1,1,0
"4-phenyl-2-pyrrolidinone",1,0,1
"R-6890",1,1,0
"atropine",1,0,1
"desmethoxyyangonin",1,1,0
"semaglutide",1,1,0
"2-fluoromethamphetamine",1,1,0
"3-methoxy-PCE (3-MeO-PCE)",1,1,0
"etomidate",1,1,0
"ethyl 3-aminobenzoate",1,1,0
"1,6-dehydro tramadol",1,1,0
"pentobarbital",1,1,0
"2C-B-fly",1,1,0
"N,N-dipropyltryptamine (DPT)",1,1,0
"brorphine",1,0,1
"di-(beta-phenylisopropyl)amine",1,1,0
"N,N-dimethylphenethylamine",1,1,0
"testosterone",1,1,0
"azithromycin",1,1,0
"deschloroetizolam",1,0,1
"3,4-Methylenedioxy-Î±-Propylaminobutiophenone",1,1,0
"2-phenylacetophenone",1,1,0
"narceine",1,0,1
"estradiol undecylate",1,1,0
"desalkylquazepam",1,0,1
"modafinil",1,1,0
"dihydromethysticin",1,1,0
"dihydrokavain",1,1,0
"praziquantel",1,0,1
"hexahydrocannabinol (HHC)",1,1,0
"desalkylflurazepam",1,1,0
"paroxetine",1,1,0
"5-MeO-MiPT",1,1,0
"4-fluorophenibut",1,1,0
"N-phenethyl tetramethyl-4-AP",1,1,0
"alpha-pyrrolidinoisohexanophenone",1,0,1
"2-phenylacetamide",1,1,0
"chloromethcathinone (isomer to be determined)",1,1,0
"metandienone",1,1,0
"3,4-methylenedioxypropiophenone",1,1,0
"N-methyl-cyclohexanamine",1,1,0
"methysticin",1,1,0
"creatinine",1,0,1
"niacin",1,1,0
"8-chlorotheophylline",1,0,1
"delta-4(8)-iso-THC",1,1,0
"2,4,5-TrimethoxyamphetamineÂ (TMA-2)",1,1,0
"diphenyl sulfone",1,1,0
"4-hydroxy MiPT",1,1,0
"dihydrotestosterone (DHT)",1,1,0
"alpha-methyl tryptamine",1,1,0
"kavain",1,1,0
"N-piperidinyl etonitazene",1,1,0
"omeprazole",1,1,0
"finasteride",1,1,0
"cyfluthrin",1,1,0
"methyl salicylate",1,1,0
"4-acetoxy DET",1,1,0
"tirzepatide",1,1,0
"N-ethylpentylone",1,0,1
"chlorcyclizine",1,1,0
"diclofenac",1,1,0
"3-chlorophenmetrazine (3-CPM)",1,1,0
"4-benzylpyrimidine",1,1,0
"methylclonazepam",1,0,1
"furanyl fentanyl",1,0,1
"fluoxetine",1,0,1
"norketamine",1,0,1
"chlorpromazine",1,1,0
"phentermine",1,1,0
"4-fluoro ABUTINACA",1,1,0
"4-fluoromethcathinone",1,1,0
"meclonazepam",1,1,0
"3,4-MDiPA",1,0,1
"ephedrine/pseudoephedrine",1,0,1
"terbinafine",1,1,0
"ethylbromazolam",1,1,0
